# written at 2015-10-08T05:54:54.373472
# delay measurement_type msg_size trial_num probe_num value
0 tput 1024 0 0 49263.92764360628
0 tput 1024 0 1 57686.89087938708
0 tput 1024 0 2 70088.98015058179
0 tput 1024 0 3 84058.4468888524
0 tput 1024 0 4 59900.55571804621
0 tput 1024 0 5 80987.02942106928
0 tput 1024 0 6 72867.00348679998
0 tput 1024 0 7 74197.52191870155
0 tput 1024 0 8 59214.71115480252
0 tput 1024 0 9 69830.87834151664
0 tput 1024 1 0 49609.99951552735
0 tput 1024 1 1 63147.508633448444
0 tput 1024 1 2 53962.900505902195
0 tput 1024 1 3 62779.719207896516
0 tput 1024 1 4 69532.15182997216
0 tput 1024 1 5 46161.47500338096
0 tput 1024 1 6 77073.61132018667
0 tput 1024 1 7 74235.1747136436
0 tput 1024 1 8 56137.27317581273
0 tput 1024 1 9 39968.7743950039
0 tput 1024 2 0 22685.482620350474
0 tput 1024 2 1 25984.571660576534
0 tput 1024 2 2 60631.18005802593
0 tput 1024 2 3 84551.23441499463
0 tput 1024 2 4 67945.06004910092
0 tput 1024 2 5 77004.06076101669
0 tput 1024 2 6 65048.91373396011
0 tput 1024 2 7 54572.585802600726
0 tput 1024 2 8 60302.69124315411
0 tput 1024 2 9 1537.3136345006808
0 tput 1024 3 0 62872.2293853994
0 tput 1024 3 1 53489.34391976598
0 tput 1024 3 2 35769.17702948162
0 tput 1024 3 3 59396.75174013922
0 tput 1024 3 4 45056.54067848814
0 tput 1024 3 5 29237.09456372773
0 tput 1024 3 6 55558.569800878955
0 tput 1024 3 7 1038.207874766175
0 tput 1024 3 8 35143.11208730867
0 tput 1024 3 9 56319.43680563194
0 tput 1024 4 0 43399.02521720703
0 tput 1024 4 1 52805.280528052805
0 tput 1024 4 2 73796.48313635054
0 tput 1024 4 3 72331.70869534506
0 tput 1024 4 4 68928.37910608509
0 tput 1024 4 5 90387.50110336304
0 tput 1024 4 6 71723.75148840793
0 tput 1024 4 7 51013.79963134559
0 tput 1024 4 8 59939.12432685554
0 tput 1024 4 9 87379.46923798959
0 tput 2048 0 0 40939.53023488256
0 tput 2048 0 1 112570.76897707909
0 tput 2048 0 2 146725.8919615991
0 tput 2048 0 3 148180.3053324651
0 tput 2048 0 4 125536.34914797108
0 tput 2048 0 5 107185.84811849061
0 tput 2048 0 6 142469.5652173913
0 tput 2048 0 7 126201.62681784571
0 tput 2048 0 8 115601.71596297133
0 tput 2048 0 9 99359.59635163983
0 tput 2048 1 0 145599.3175031992
0 tput 2048 1 1 148739.92301546954
0 tput 2048 1 2 142182.72702027214
0 tput 2048 1 3 47289.18444629168
0 tput 2048 1 4 115653.94172125592
0 tput 2048 1 5 140015.04067819787
0 tput 2048 1 6 40572.130433059945
0 tput 2048 1 7 89020.25558549944
0 tput 2048 1 8 116894.97716894977
0 tput 2048 1 9 78757.11429010921
0 tput 2048 2 0 120208.95697599342
0 tput 2048 2 1 114823.95155864542
0 tput 2048 2 2 149510.87750036502
0 tput 2048 2 3 41286.16066928737
0 tput 2048 2 4 98675.01806793544
0 tput 2048 2 5 119913.34387259207
0 tput 2048 2 6 153465.71749718997
0 tput 2048 2 7 89903.42405618963
0 tput 2048 2 8 127545.61873326276
0 tput 2048 2 9 125390.3140880426
0 tput 2048 3 0 129751.64723770908
0 tput 2048 3 1 89502.66585088716
0 tput 2048 3 2 140187.55561640084
0 tput 2048 3 3 91982.93285425556
0 tput 2048 3 4 82222.57909105509
0 tput 2048 3 5 39964.094758615305
0 tput 2048 3 6 106031.58167227544
0 tput 2048 3 7 138932.22983515364
0 tput 2048 3 8 124855.20941291227
0 tput 2048 3 9 134031.41361256543
0 tput 2048 4 0 138471.94050033807
0 tput 2048 4 1 128805.03144654087
0 tput 2048 4 2 92289.66698210986
0 tput 2048 4 3 92310.46605967727
0 tput 2048 4 4 159129.75912975913
0 tput 2048 4 5 166517.60305715914
0 tput 2048 4 6 101036.01381351751
0 tput 2048 4 7 36703.82450983906
0 tput 2048 4 8 135674.06425968863
0 tput 2048 4 9 126976.2539525079
0 tput 4096 0 0 171682.454522592
0 tput 4096 0 1 210742.9512245318
0 tput 4096 0 2 209857.56737370632
0 tput 4096 0 3 254031.25775241875
0 tput 4096 0 4 238652.916156849
0 tput 4096 0 5 158932.17445289463
0 tput 4096 0 6 213333.33333333334
0 tput 4096 0 7 174290.45572528828
0 tput 4096 0 8 224512.1683841263
0 tput 4096 0 9 75139.41884355739
0 tput 4096 1 0 133402.81396560709
0 tput 4096 1 1 244289.37794477245
0 tput 4096 1 2 265491.3144931294
0 tput 4096 1 3 254758.05448438862
0 tput 4096 1 4 226736.78383614722
0 tput 4096 1 5 182775.5466309683
0 tput 4096 1 6 225389.31381720133
0 tput 4096 1 7 146578.87202977383
0 tput 4096 1 8 74051.30801077504
0 tput 4096 1 9 299809.6911140389
0 tput 4096 2 0 216673.7198476513
0 tput 4096 2 1 247642.07980652963
0 tput 4096 2 2 215340.93896219967
0 tput 4096 2 3 168809.75931421036
0 tput 4096 2 4 221261.8841832325
0 tput 4096 2 5 262547.2726107301
0 tput 4096 2 6 178747.54527602007
0 tput 4096 2 7 235890.34784611838
0 tput 4096 2 8 232212.71047111516
0 tput 4096 2 9 199318.73479318735
0 tput 4096 3 0 310326.5398893855
0 tput 4096 3 1 208108.93201910373
0 tput 4096 3 2 215488.21548821547
0 tput 4096 3 3 190937.90788737647
0 tput 4096 3 4 296339.1694400232
0 tput 4096 3 5 203225.006201935
0 tput 4096 3 6 230617.64540284895
0 tput 4096 3 7 293094.81216457963
0 tput 4096 3 8 223032.9430982848
0 tput 4096 3 9 147041.92992533027
0 tput 4096 4 0 200882.78567925456
0 tput 4096 4 1 242783.474601387
0 tput 4096 4 2 163859.66315957916
0 tput 4096 4 3 246331.48905460667
0 tput 4096 4 4 167834.46015160828
0 tput 4096 4 5 238236.49159541674
0 tput 4096 4 6 188720.9730925175
0 tput 4096 4 7 291551.0000711794
0 tput 4096 4 8 211701.46785197436
0 tput 4096 4 9 136247.21418354788
0 tput 8192 0 0 162817.50606193108
0 tput 8192 0 1 468034.05130549043
0 tput 8192 0 2 377546.3176329616
0 tput 8192 0 3 352207.74753858725
0 tput 8192 0 4 339776.02654500207
0 tput 8192 0 5 349473.1453436287
0 tput 8192 0 6 355864.46568201564
0 tput 8192 0 7 258129.56894378623
0 tput 8192 0 8 155845.14410729572
0 tput 8192 0 9 419221.1248144926
0 tput 8192 1 0 211597.5720005166
0 tput 8192 1 1 322888.33707776596
0 tput 8192 1 2 253889.54317237958
0 tput 8192 1 3 421659.46057236975
0 tput 8192 1 4 409907.43057292973
0 tput 8192 1 5 467766.80180437386
0 tput 8192 1 6 429800.629590766
0 tput 8192 1 7 151504.50333820347
0 tput 8192 1 8 312457.0905484781
0 tput 8192 1 9 373177.8425655977
0 tput 8192 2 0 151330.98110210037
0 tput 8192 2 1 404663.1100573009
0 tput 8192 2 2 339550.69219928706
0 tput 8192 2 3 417895.2201193695
0 tput 8192 2 4 328797.9129038732
0 tput 8192 2 5 138991.1603522286
0 tput 8192 2 6 368130.13975643733
0 tput 8192 2 7 336302.8038917854
0 tput 8192 2 8 372126.8283819388
0 tput 8192 2 9 349696.91795440967
0 tput 8192 3 0 207734.24622797008
0 tput 8192 3 1 402318.04341420287
0 tput 8192 3 2 425580.5496389423
0 tput 8192 3 3 147237.4995506668
0 tput 8192 3 4 429485.16304917686
0 tput 8192 3 5 315368.0320295658
0 tput 8192 3 6 363878.6478923289
0 tput 8192 3 7 299831.6375082351
0 tput 8192 3 8 389686.9945771097
0 tput 8192 3 9 445193.1960219553
0 tput 8192 4 0 195317.3429974727
0 tput 8192 4 1 262909.5927340415
0 tput 8192 4 2 248596.4859041665
0 tput 8192 4 3 356189.3995391104
0 tput 8192 4 4 449048.95028230007
0 tput 8192 4 5 303351.2312534716
0 tput 8192 4 6 377146.5402145389
0 tput 8192 4 7 347678.46532552416
0 tput 8192 4 8 422442.24422442244
0 tput 8192 4 9 383412.8989984087
0 tput 16384 0 0 143115.4514722967
0 tput 16384 0 1 509976.0326205372
0 tput 16384 0 2 354954.7207417999
0 tput 16384 0 3 319650.38239425624
0 tput 16384 0 4 342553.68082125904
0 tput 16384 0 5 473402.87208529573
0 tput 16384 0 6 203013.48136399683
0 tput 16384 0 7 514508.22760959686
0 tput 16384 0 8 376946.9688254918
0 tput 16384 0 9 640876.1979268531
0 tput 16384 1 0 189651.58004398659
0 tput 16384 1 1 382687.501459837
0 tput 16384 1 2 458178.3606924131
0 tput 16384 1 3 366163.81718627777
0 tput 16384 1 4 485624.51834726427
0 tput 16384 1 5 375555.8611836978
0 tput 16384 1 6 444697.7716255462
0 tput 16384 1 7 476750.27643601235
0 tput 16384 1 8 296870.7532298103
0 tput 16384 1 9 460612.87601911725
0 tput 16384 2 0 191574.19641499946
0 tput 16384 2 1 437922.64720818965
0 tput 16384 2 2 200124.58928287876
0 tput 16384 2 3 384195.0990737484
0 tput 16384 2 4 480032.8147431953
0 tput 16384 2 5 413820.97393412807
0 tput 16384 2 6 551742.7176292306
0 tput 16384 2 7 624176.1590917748
0 tput 16384 2 8 259466.30770448965
0 tput 16384 2 9 291748.2816339613
0 tput 16384 3 0 219586.39915296264
0 tput 16384 3 1 449603.46862050984
0 tput 16384 3 2 367189.6010757508
0 tput 16384 3 3 197626.17002798416
0 tput 16384 3 4 406359.2847044818
0 tput 16384 3 5 328962.95552655356
0 tput 16384 3 6 374303.20752992784
0 tput 16384 3 7 432158.6832665119
0 tput 16384 3 8 337758.7202110992
0 tput 16384 3 9 525616.7591671746
0 tput 16384 4 0 248641.75797492947
0 tput 16384 4 1 461833.35212538054
0 tput 16384 4 2 338414.50820010743
0 tput 16384 4 3 256545.15846173116
0 tput 16384 4 4 459759.7934672803
0 tput 16384 4 5 357635.5540033179
0 tput 16384 4 6 575139.5373328185
0 tput 16384 4 7 412996.89949837414
0 tput 16384 4 8 616960.385600241
0 tput 16384 4 9 726112.391419961
0 tput 32768 0 0 247464.41113166936
0 tput 32768 0 1 528848.7919820532
0 tput 32768 0 2 564946.0363435744
0 tput 32768 0 3 389224.11745141825
0 tput 32768 0 4 682424.9744882021
0 tput 32768 0 5 742752.2270326631
0 tput 32768 0 6 582407.6213497325
0 tput 32768 0 7 708650.5190311418
0 tput 32768 0 8 476036.89983293385
0 tput 32768 0 9 783698.4597723142
0 tput 32768 1 0 280240.83196496987
0 tput 32768 1 1 369462.5159260804
0 tput 32768 1 2 517678.2836740498
0 tput 32768 1 3 568316.6256200353
0 tput 32768 1 4 601689.3132574366
0 tput 32768 1 5 730743.4993978859
0 tput 32768 1 6 505382.6459792097
0 tput 32768 1 7 771429.244061492
0 tput 32768 1 8 710232.5682207339
0 tput 32768 1 9 576282.513497828
0 tput 32768 2 0 284600.08511599223
0 tput 32768 2 1 701399.8886938653
0 tput 32768 2 2 449338.3613301337
0 tput 32768 2 3 721571.3908218092
0 tput 32768 2 4 813747.8891427437
0 tput 32768 2 5 421936.36445577577
0 tput 32768 2 6 771974.4622705963
0 tput 32768 2 7 748863.0390566081
0 tput 32768 2 8 665070.0223259589
0 tput 32768 2 9 675266.8672464245
0 tput 32768 3 0 206560.93194482967
0 tput 32768 3 1 644012.4997543287
0 tput 32768 3 2 502445.68134075473
0 tput 32768 3 3 440092.93954900146
0 tput 32768 3 4 582138.6061219777
0 tput 32768 3 5 733491.5163182165
0 tput 32768 3 6 672439.9753745126
0 tput 32768 3 7 712487.2257615621
0 tput 32768 3 8 760225.5063452659
0 tput 32768 3 9 545951.34955015
0 tput 32768 4 0 279349.7071636218
0 tput 32768 4 1 403288.5344360754
0 tput 32768 4 2 494723.33358496265
0 tput 32768 4 3 766771.9667719668
0 tput 32768 4 4 649578.7491327189
0 tput 32768 4 5 648986.9481689805
0 tput 32768 4 6 677949.269665246
0 tput 32768 4 7 504417.9674271112
0 tput 32768 4 8 571189.5133175289
0 tput 32768 4 9 793087.5910642109
0 rtt 1 0 0 0.029417
0 rtt 1 0 1 0.026326
0 rtt 1 0 2 0.029748
0 rtt 1 0 3 0.04358
0 rtt 1 0 4 0.024031
0 rtt 1 0 5 0.030813
0 rtt 1 0 6 0.033028
0 rtt 1 0 7 0.02822
0 rtt 1 0 8 0.027625
0 rtt 1 0 9 0.028274
0 rtt 1 1 0 0.032532
0 rtt 1 1 1 0.040497
0 rtt 1 1 2 0.036929
0 rtt 1 1 3 0.026345
0 rtt 1 1 4 0.031528
0 rtt 1 1 5 0.028663
0 rtt 1 1 6 0.027662
0 rtt 1 1 7 0.031867
0 rtt 1 1 8 0.028235
0 rtt 1 1 9 0.030332
0 rtt 1 2 0 0.035482
0 rtt 1 2 1 0.052795
0 rtt 1 2 2 0.027593
0 rtt 1 2 3 0.039396
0 rtt 1 2 4 0.028528
0 rtt 1 2 5 0.025744
0 rtt 1 2 6 0.025907
0 rtt 1 2 7 0.032152
0 rtt 1 2 8 0.040523
0 rtt 1 2 9 0.036275
0 rtt 1 3 0 0.01453
0 rtt 1 3 1 0.027791
0 rtt 1 3 2 0.024039
0 rtt 1 3 3 0.028279
0 rtt 1 3 4 0.027884
0 rtt 1 3 5 0.028244
0 rtt 1 3 6 0.052556
0 rtt 1 3 7 0.031583
0 rtt 1 3 8 0.034591
0 rtt 1 3 9 0.02895
0 rtt 1 4 0 0.038108
0 rtt 1 4 1 0.027147
0 rtt 1 4 2 0.029688
0 rtt 1 4 3 0.038928
0 rtt 1 4 4 0.02723
0 rtt 1 4 5 0.028858
0 rtt 1 4 6 0.027316
0 rtt 1 4 7 0.024087
0 rtt 1 4 8 0.026149
0 rtt 1 4 9 0.031424
0 rtt 100 0 0 0.012847
0 rtt 100 0 1 0.013638
0 rtt 100 0 2 0.034329
0 rtt 100 0 3 0.011675
0 rtt 100 0 4 0.013292
0 rtt 100 0 5 0.01364
0 rtt 100 0 6 0.011357
0 rtt 100 0 7 0.014081
0 rtt 100 0 8 0.015044
0 rtt 100 0 9 0.017345
0 rtt 100 1 0 0.016668
0 rtt 100 1 1 0.014556
0 rtt 100 1 2 0.01379
0 rtt 100 1 3 0.018053
0 rtt 100 1 4 0.013553
0 rtt 100 1 5 0.014199
0 rtt 100 1 6 0.011519
0 rtt 100 1 7 0.045846
0 rtt 100 1 8 0.013629
0 rtt 100 1 9 0.029575
0 rtt 100 2 0 0.060776
0 rtt 100 2 1 0.030069
0 rtt 100 2 2 0.056272
0 rtt 100 2 3 0.013944
0 rtt 100 2 4 0.016063
0 rtt 100 2 5 0.011147
0 rtt 100 2 6 0.013456
0 rtt 100 2 7 0.013183
0 rtt 100 2 8 0.016789
0 rtt 100 2 9 0.018306
0 rtt 100 3 0 0.013705
0 rtt 100 3 1 0.023803
0 rtt 100 3 2 0.01279
0 rtt 100 3 3 0.01416
0 rtt 100 3 4 0.014555
0 rtt 100 3 5 0.012489
0 rtt 100 3 6 0.028523
0 rtt 100 3 7 0.02931
0 rtt 100 3 8 0.016446
0 rtt 100 3 9 0.012135
0 rtt 100 4 0 0.015156
0 rtt 100 4 1 0.015183
0 rtt 100 4 2 0.011637
0 rtt 100 4 3 0.013401
0 rtt 100 4 4 0.013277
0 rtt 100 4 5 0.021448
0 rtt 100 4 6 0.017344
0 rtt 100 4 7 0.024813
0 rtt 100 4 8 0.012773
0 rtt 100 4 9 0.026616
0 rtt 200 0 0 0.019282
0 rtt 200 0 1 0.013616
0 rtt 200 0 2 0.014111
0 rtt 200 0 3 0.017356
0 rtt 200 0 4 0.014786
0 rtt 200 0 5 0.015144
0 rtt 200 0 6 0.020291
0 rtt 200 0 7 0.013867
0 rtt 200 0 8 0.025993
0 rtt 200 0 9 0.017224
0 rtt 200 1 0 0.020392
0 rtt 200 1 1 0.010928
0 rtt 200 1 2 0.015667
0 rtt 200 1 3 0.015407
0 rtt 200 1 4 0.012529
0 rtt 200 1 5 0.012396
0 rtt 200 1 6 0.013708
0 rtt 200 1 7 0.015839
0 rtt 200 1 8 0.016346
0 rtt 200 1 9 0.017091
0 rtt 200 2 0 0.017346
0 rtt 200 2 1 0.017572
0 rtt 200 2 2 0.01545
0 rtt 200 2 3 0.012569
0 rtt 200 2 4 0.030709
0 rtt 200 2 5 0.019516
0 rtt 200 2 6 0.017832
0 rtt 200 2 7 0.014961
0 rtt 200 2 8 0.013701
0 rtt 200 2 9 0.014575
0 rtt 200 3 0 0.014958
0 rtt 200 3 1 0.01197
0 rtt 200 3 2 0.025963
0 rtt 200 3 3 0.013847
0 rtt 200 3 4 0.017275
0 rtt 200 3 5 0.014968
0 rtt 200 3 6 0.024813
0 rtt 200 3 7 0.031626
0 rtt 200 3 8 0.012646
0 rtt 200 3 9 0.016712
0 rtt 200 4 0 0.013765
0 rtt 200 4 1 0.015795
0 rtt 200 4 2 0.016118
0 rtt 200 4 3 0.016679
0 rtt 200 4 4 0.01806
0 rtt 200 4 5 0.020255
0 rtt 200 4 6 0.014002
0 rtt 200 4 7 0.016943
0 rtt 200 4 8 0.018532
0 rtt 200 4 9 0.014526
0 rtt 400 0 0 0.016532
0 rtt 400 0 1 0.013455
0 rtt 400 0 2 0.01202
0 rtt 400 0 3 0.012657
0 rtt 400 0 4 0.013361
0 rtt 400 0 5 0.015826
0 rtt 400 0 6 0.013929
0 rtt 400 0 7 0.014833
0 rtt 400 0 8 0.011233
0 rtt 400 0 9 0.011941
0 rtt 400 1 0 0.018471
0 rtt 400 1 1 0.016511
0 rtt 400 1 2 0.025208
0 rtt 400 1 3 0.022886
0 rtt 400 1 4 0.019739
0 rtt 400 1 5 0.014682
0 rtt 400 1 6 0.017378
0 rtt 400 1 7 0.01264
0 rtt 400 1 8 0.015975
0 rtt 400 1 9 0.011915
0 rtt 400 2 0 0.013428
0 rtt 400 2 1 0.014097
0 rtt 400 2 2 0.013482
0 rtt 400 2 3 0.01407
0 rtt 400 2 4 0.0199
0 rtt 400 2 5 0.011759
0 rtt 400 2 6 0.045975
0 rtt 400 2 7 0.014784
0 rtt 400 2 8 0.013022
0 rtt 400 2 9 0.014959
0 rtt 400 3 0 0.015966
0 rtt 400 3 1 0.01671
0 rtt 400 3 2 0.015772
0 rtt 400 3 3 0.014558
0 rtt 400 3 4 0.024767
0 rtt 400 3 5 0.01451
0 rtt 400 3 6 0.015576
0 rtt 400 3 7 0.015242
0 rtt 400 3 8 0.016647
0 rtt 400 3 9 0.027398
0 rtt 400 4 0 0.014154
0 rtt 400 4 1 0.015097
0 rtt 400 4 2 0.012432
0 rtt 400 4 3 0.01176
0 rtt 400 4 4 0.01406
0 rtt 400 4 5 0.025436
0 rtt 400 4 6 0.017259
0 rtt 400 4 7 0.011993
0 rtt 400 4 8 0.020299
0 rtt 400 4 9 0.014886
0 rtt 800 0 0 0.018246
0 rtt 800 0 1 0.025339
0 rtt 800 0 2 0.01723
0 rtt 800 0 3 0.014005
0 rtt 800 0 4 0.028005
0 rtt 800 0 5 0.014349
0 rtt 800 0 6 0.016734
0 rtt 800 0 7 0.011185
0 rtt 800 0 8 0.013554
0 rtt 800 0 9 0.015631
0 rtt 800 1 0 0.017065
0 rtt 800 1 1 0.013119
0 rtt 800 1 2 0.012028
0 rtt 800 1 3 0.013781
0 rtt 800 1 4 0.020285
0 rtt 800 1 5 0.016178
0 rtt 800 1 6 0.022348
0 rtt 800 1 7 0.018869
0 rtt 800 1 8 0.014168
0 rtt 800 1 9 0.014915
0 rtt 800 2 0 0.015762
0 rtt 800 2 1 0.012538
0 rtt 800 2 2 0.013462
0 rtt 800 2 3 0.014622
0 rtt 800 2 4 0.016688
0 rtt 800 2 5 0.015796
0 rtt 800 2 6 0.014583
0 rtt 800 2 7 0.01366
0 rtt 800 2 8 0.013831
0 rtt 800 2 9 0.016551
0 rtt 800 3 0 0.014591
0 rtt 800 3 1 0.018356
0 rtt 800 3 2 0.015202
0 rtt 800 3 3 0.011927
0 rtt 800 3 4 0.01382
0 rtt 800 3 5 0.014086
0 rtt 800 3 6 0.012106
0 rtt 800 3 7 0.013202
0 rtt 800 3 8 0.015106
0 rtt 800 3 9 0.013325
0 rtt 800 4 0 0.015469
0 rtt 800 4 1 0.016878
0 rtt 800 4 2 0.040226
0 rtt 800 4 3 0.014332
0 rtt 800 4 4 0.017931
0 rtt 800 4 5 0.013849
0 rtt 800 4 6 0.014293
0 rtt 800 4 7 0.021809
0 rtt 800 4 8 0.019885
0 rtt 800 4 9 0.014265
0 rtt 1000 0 0 0.015687
0 rtt 1000 0 1 0.011588
0 rtt 1000 0 2 0.011958
0 rtt 1000 0 3 0.014071
0 rtt 1000 0 4 0.012788
0 rtt 1000 0 5 0.035618
0 rtt 1000 0 6 0.026101
0 rtt 1000 0 7 0.022269
0 rtt 1000 0 8 0.0167
0 rtt 1000 0 9 0.014223
0 rtt 1000 1 0 0.01201
0 rtt 1000 1 1 0.013467
0 rtt 1000 1 2 0.014021
0 rtt 1000 1 3 0.015038
0 rtt 1000 1 4 0.019509
0 rtt 1000 1 5 0.015
0 rtt 1000 1 6 0.014144
0 rtt 1000 1 7 0.011732
0 rtt 1000 1 8 0.014001
0 rtt 1000 1 9 0.02751
0 rtt 1000 2 0 0.016547
0 rtt 1000 2 1 0.040208
0 rtt 1000 2 2 0.016758
0 rtt 1000 2 3 0.014051
0 rtt 1000 2 4 0.0192
0 rtt 1000 2 5 0.013039
0 rtt 1000 2 6 0.013418
0 rtt 1000 2 7 0.020148
0 rtt 1000 2 8 0.016766
0 rtt 1000 2 9 0.027124
0 rtt 1000 3 0 0.011963
0 rtt 1000 3 1 0.012032
0 rtt 1000 3 2 0.013641
0 rtt 1000 3 3 0.014101
0 rtt 1000 3 4 0.018237
0 rtt 1000 3 5 0.01624
0 rtt 1000 3 6 0.013222
0 rtt 1000 3 7 0.013817
0 rtt 1000 3 8 0.015078
0 rtt 1000 3 9 0.015052
0 rtt 1000 4 0 0.013727
0 rtt 1000 4 1 0.013979
0 rtt 1000 4 2 0.012419
0 rtt 1000 4 3 0.033619
0 rtt 1000 4 4 0.019477
0 rtt 1000 4 5 0.020317
0 rtt 1000 4 6 0.012391
0 rtt 1000 4 7 0.01146
0 rtt 1000 4 8 0.013721
0 rtt 1000 4 9 0.012427
0.5 tput 1024 0 0 1639.8168017166831
0.5 tput 1024 0 1 1366.9536290349495
0.5 tput 1024 0 2 1760.527057787925
0.5 tput 1024 0 3 1670.47853337205
0.5 tput 1024 0 4 1105.2347544522397
0.5 tput 1024 0 5 1973.2265530005952
0.5 tput 1024 0 6 1971.6004813477737
0.5 tput 1024 0 7 1446.3031700027684
0.5 tput 1024 0 8 1657.1939046336695
0.5 tput 1024 0 9 1700.9825499788208
0.5 tput 1024 1 0 1974.2004391824805
0.5 tput 1024 1 1 1962.5054141384717
0.5 tput 1024 1 2 1430.1276500656406
0.5 tput 1024 1 3 1668.2197618876949
0.5 tput 1024 1 4 1665.698804568309
0.5 tput 1024 1 5 1653.3142168877007
0.5 tput 1024 1 6 1681.7929489516714
0.5 tput 1024 1 7 1666.8891355942687
0.5 tput 1024 1 8 1666.9949648286854
0.5 tput 1024 1 9 1664.8484483905108
0.5 tput 1024 2 0 1939.6951799332471
0.5 tput 1024 2 1 1669.163348172152
0.5 tput 1024 2 2 1666.937978186554
0.5 tput 1024 2 3 1724.024722245138
0.5 tput 1024 2 4 1980.2286545274524
0.5 tput 1024 2 5 1927.2319378467698
0.5 tput 1024 2 6 1677.247741284536
0.5 tput 1024 2 7 1664.764543116426
0.5 tput 1024 2 8 1640.6444015413088
0.5 tput 1024 2 9 1693.5361166423002
0.5 tput 1024 3 0 1903.2678961083375
0.5 tput 1024 3 1 1668.078451814687
0.5 tput 1024 3 2 1982.1260237274423
0.5 tput 1024 3 3 1912.6958925602853
0.5 tput 1024 3 4 1908.3400423412947
0.5 tput 1024 3 5 1979.780716085138
0.5 tput 1024 3 6 1840.0288942037291
0.5 tput 1024 3 7 1669.9146288761508
0.5 tput 1024 3 8 1977.9069340704125
0.5 tput 1024 3 9 1438.962148550358
0.5 tput 1024 4 0 1949.7779842646823
0.5 tput 1024 4 1 1662.6156646322356
0.5 tput 1024 4 2 1665.4604005887663
0.5 tput 1024 4 3 1668.7498879623488
0.5 tput 1024 4 4 1668.187149745862
0.5 tput 1024 4 5 1664.9269480783428
0.5 tput 1024 4 6 1985.750687449823
0.5 tput 1024 4 7 1654.823795202627
0.5 tput 1024 4 8 1996.5606123825755
0.5 tput 1024 4 9 1992.9119284731455
0.5 tput 2048 0 0 3869.875438384327
0.5 tput 2048 0 1 3928.6173300364667
0.5 tput 2048 0 2 3936.4705927578934
0.5 tput 2048 0 3 3951.295650680769
0.5 tput 2048 0 4 3889.9493812739206
0.5 tput 2048 0 5 3895.861788215779
0.5 tput 2048 0 6 3852.723619754238
0.5 tput 2048 0 7 3939.2493883392062
0.5 tput 2048 0 8 3879.7798679586635
0.5 tput 2048 0 9 3744.0858799698717
0.5 tput 2048 1 0 3840.6072960286847
0.5 tput 2048 1 1 3932.9856123397426
0.5 tput 2048 1 2 3951.4633727514956
0.5 tput 2048 1 3 3943.861595107147
0.5 tput 2048 1 4 2494.500649203538
0.5 tput 2048 1 5 3758.2877769397483
0.5 tput 2048 1 6 3917.4654304716837
0.5 tput 2048 1 7 3937.3863291178177
0.5 tput 2048 1 8 3933.2650901597312
0.5 tput 2048 1 9 3854.906441345377
0.5 tput 2048 2 0 3843.266776760246
0.5 tput 2048 2 1 3941.5086278238177
0.5 tput 2048 2 2 3962.395933900735
0.5 tput 2048 2 3 3972.0867807865816
0.5 tput 2048 2 4 3761.7117257770933
0.5 tput 2048 2 5 3980.261943215189
0.5 tput 2048 2 6 3956.723338485317
0.5 tput 2048 2 7 3926.794428093453
0.5 tput 2048 2 8 3689.099683148128
0.5 tput 2048 2 9 3960.242874270023
0.5 tput 2048 3 0 3963.7303192467366
0.5 tput 2048 3 1 3366.9646189230643
0.5 tput 2048 3 2 3965.5569690597486
0.5 tput 2048 3 3 3989.5896644692752
0.5 tput 2048 3 4 2881.9984858250145
0.5 tput 2048 3 5 3951.7378577644513
0.5 tput 2048 3 6 3952.3479610091613
0.5 tput 2048 3 7 3925.6578543826286
0.5 tput 2048 3 8 2883.7597017111057
0.5 tput 2048 3 9 3594.05436709194
0.5 tput 2048 4 0 3978.3367133655015
0.5 tput 2048 4 1 3818.0675879991873
0.5 tput 2048 4 2 3381.323471139876
0.5 tput 2048 4 3 3966.9395874615266
0.5 tput 2048 4 4 3972.1021885352093
0.5 tput 2048 4 5 3932.706174233477
0.5 tput 2048 4 6 3771.416785751116
0.5 tput 2048 4 7 3920.187433961686
0.5 tput 2048 4 8 3870.8628735486627
0.5 tput 2048 4 9 3932.8572169274166
0.5 tput 4096 0 0 7873.485997458802
0.5 tput 4096 0 1 6574.554419846936
0.5 tput 4096 0 2 7884.959670433326
0.5 tput 4096 0 3 6764.478560434406
0.5 tput 4096 0 4 7924.500559126139
0.5 tput 4096 0 5 7944.450909655145
0.5 tput 4096 0 6 6758.529425838506
0.5 tput 4096 0 7 7912.758743926822
0.5 tput 4096 0 8 7912.758743926822
0.5 tput 4096 0 9 7813.886053854005
0.5 tput 4096 1 0 7891.811282438601
0.5 tput 4096 1 1 7731.8760559126395
0.5 tput 4096 1 2 7841.8458970068505
0.5 tput 4096 1 3 5746.416907035994
0.5 tput 4096 1 4 7875.681142589053
0.5 tput 4096 1 5 7900.365893410641
0.5 tput 4096 1 6 7919.138175040794
0.5 tput 4096 1 7 7830.452353915034
0.5 tput 4096 1 8 7911.291553112464
0.5 tput 4096 1 9 7847.344624109128
0.5 tput 4096 2 0 7305.284560095596
0.5 tput 4096 2 1 7874.2882189421225
0.5 tput 4096 2 2 7925.435889299308
0.5 tput 4096 2 3 7836.699708610994
0.5 tput 4096 2 4 7915.740651270655
0.5 tput 4096 2 5 7917.0258579033025
0.5 tput 4096 2 6 7916.765722878408
0.5 tput 4096 2 7 7836.849647667026
0.5 tput 4096 2 8 7932.726758621225
0.5 tput 4096 2 9 7754.476904115969
0.5 tput 4096 3 0 7782.589116915541
0.5 tput 4096 3 1 7783.07712771011
0.5 tput 4096 3 2 7940.692949533175
0.5 tput 4096 3 3 7871.655123109918
0.5 tput 4096 3 4 7740.1165174766775
0.5 tput 4096 3 5 7723.594865770483
0.5 tput 4096 3 6 7853.287701437022
0.5 tput 4096 3 7 7391.367114190848
0.5 tput 4096 3 8 7483.260406865745
0.5 tput 4096 3 9 7896.710410894993
0.5 tput 4096 4 0 7913.507832363466
0.5 tput 4096 4 1 7939.153828858513
0.5 tput 4096 4 2 7889.227237094777
0.5 tput 4096 4 3 7491.129887706206
0.5 tput 4096 4 4 7963.247745269391
0.5 tput 4096 4 5 7754.976078095033
0.5 tput 4096 4 6 7857.310022290512
0.5 tput 4096 4 7 7586.800892782723
0.5 tput 4096 4 8 6737.06371920129
0.5 tput 4096 4 9 7870.142646335465
0.5 tput 8192 0 0 13800.934325949362
0.5 tput 8192 0 1 15689.218641672189
0.5 tput 8192 0 2 15581.639077350894
0.5 tput 8192 0 3 15705.069831197337
0.5 tput 8192 0 4 15729.405078263006
0.5 tput 8192 0 5 15704.437577161087
0.5 tput 8192 0 6 15732.637348497507
0.5 tput 8192 0 7 15607.139046806175
0.5 tput 8192 0 8 15616.987286415011
0.5 tput 8192 0 9 15194.28730408977
0.5 tput 8192 1 0 15168.881572734528
0.5 tput 8192 1 1 15756.633865991675
0.5 tput 8192 1 2 15640.004963868765
0.5 tput 8192 1 3 15667.104626500586
0.5 tput 8192 1 4 15661.713114581718
0.5 tput 8192 1 5 15526.590613160073
0.5 tput 8192 1 6 15354.51076240244
0.5 tput 8192 1 7 15803.810508607983
0.5 tput 8192 1 8 15471.316119479658
0.5 tput 8192 1 9 13267.234691745713
0.5 tput 8192 2 0 14307.071102231288
0.5 tput 8192 2 1 14362.959274558347
0.5 tput 8192 2 2 15683.691794013701
0.5 tput 8192 2 3 15627.652857025672
0.5 tput 8192 2 4 15795.735228615888
0.5 tput 8192 2 5 13955.635661146534
0.5 tput 8192 2 6 15671.840235995876
0.5 tput 8192 2 7 15658.06097698502
0.5 tput 8192 2 8 15742.160626919247
0.5 tput 8192 2 9 15748.970030432885
0.5 tput 8192 3 0 15323.233815863063
0.5 tput 8192 3 1 14671.065120760488
0.5 tput 8192 3 2 15711.425305521247
0.5 tput 8192 3 3 15696.252979452316
0.5 tput 8192 3 4 15572.634592463466
0.5 tput 8192 3 5 13867.165017909496
0.5 tput 8192 3 6 15795.065198990444
0.5 tput 8192 3 7 15736.989417105138
0.5 tput 8192 3 8 13637.877072650996
0.5 tput 8192 3 9 15836.378047130236
0.5 tput 8192 4 0 15319.680515842367
0.5 tput 8192 4 1 15691.32226972525
0.5 tput 8192 4 2 15085.13933313814
0.5 tput 8192 4 3 15760.119893880836
0.5 tput 8192 4 4 15474.326256675098
0.5 tput 8192 4 5 15611.92772622716
0.5 tput 8192 4 6 15760.423099639658
0.5 tput 8192 4 7 15515.82739399633
0.5 tput 8192 4 8 15740.164318707584
0.5 tput 8192 4 9 15739.710682905928
0.5 tput 16384 0 0 27613.21942430887
0.5 tput 16384 0 1 30122.353676585495
0.5 tput 16384 0 2 30690.498758068803
0.5 tput 16384 0 3 29859.28737923883
0.5 tput 16384 0 4 30372.29417969409
0.5 tput 16384 0 5 30636.89741575975
0.5 tput 16384 0 6 30326.02700171398
0.5 tput 16384 0 7 29953.453678548838
0.5 tput 16384 0 8 28638.500114491075
0.5 tput 16384 0 9 29802.149669218696
0.5 tput 16384 1 0 26360.07632580694
0.5 tput 16384 1 1 27886.900101444044
0.5 tput 16384 1 2 30541.010589812082
0.5 tput 16384 1 3 29916.808484219906
0.5 tput 16384 1 4 30428.13711233562
0.5 tput 16384 1 5 30125.84306024433
0.5 tput 16384 1 6 30565.795561392777
0.5 tput 16384 1 7 30200.30930248419
0.5 tput 16384 1 8 30362.95067688402
0.5 tput 16384 1 9 30228.44765556101
0.5 tput 16384 2 0 28742.80070383372
0.5 tput 16384 2 1 29777.180037076076
0.5 tput 16384 2 2 30426.780915663367
0.5 tput 16384 2 3 28114.151968110753
0.5 tput 16384 2 4 30242.11783424794
0.5 tput 16384 2 5 30058.800326566554
0.5 tput 16384 2 6 30460.38235365203
0.5 tput 16384 2 7 30907.492576844284
0.5 tput 16384 2 8 29268.327539452577
0.5 tput 16384 2 9 30317.49732612405
0.5 tput 16384 3 0 24897.87978992414
0.5 tput 16384 3 1 29940.316727032176
0.5 tput 16384 3 2 29925.05949760822
0.5 tput 16384 3 3 30698.37683081979
0.5 tput 16384 3 4 30147.961277240167
0.5 tput 16384 3 5 29181.479449712533
0.5 tput 16384 3 6 30567.4493232213
0.5 tput 16384 3 7 29421.37718765825
0.5 tput 16384 3 8 29849.16914589911
0.5 tput 16384 3 9 29941.246881881558
0.5 tput 16384 4 0 26242.868263492233
0.5 tput 16384 4 1 30041.163581689998
0.5 tput 16384 4 2 30815.29630381956
0.5 tput 16384 4 3 28473.956513956306
0.5 tput 16384 4 4 30480.442770103713
0.5 tput 16384 4 5 30549.66651563377
0.5 tput 16384 4 6 30633.0595478707
0.5 tput 16384 4 7 29207.854602501135
0.5 tput 16384 4 8 30455.343068732713
0.5 tput 16384 4 9 30108.90219384811
0.5 tput 32768 0 0 52401.97019126207
0.5 tput 32768 0 1 56094.02871121367
0.5 tput 32768 0 2 57115.16807909113
0.5 tput 32768 0 3 59143.95763467487
0.5 tput 32768 0 4 58518.57010959731
0.5 tput 32768 0 5 58239.002429587286
0.5 tput 32768 0 6 54924.84876725829
0.5 tput 32768 0 7 56658.51693288746
0.5 tput 32768 0 8 57963.528685472505
0.5 tput 32768 0 9 58459.479951830865
0.5 tput 32768 1 0 54189.48127396877
0.5 tput 32768 1 1 59206.79374830608
0.5 tput 32768 1 2 59353.50183487236
0.5 tput 32768 1 3 54094.38783932805
0.5 tput 32768 1 4 55996.54122926489
0.5 tput 32768 1 5 56809.592166489834
0.5 tput 32768 1 6 58482.95555952168
0.5 tput 32768 1 7 55580.24431696751
0.5 tput 32768 1 8 59156.877293890604
0.5 tput 32768 1 9 59730.44014013904
0.5 tput 32768 2 0 51157.15588194887
0.5 tput 32768 2 1 53534.435999817026
0.5 tput 32768 2 2 54720.9512040346
0.5 tput 32768 2 3 56170.183588460146
0.5 tput 32768 2 4 59634.67211667779
0.5 tput 32768 2 5 58519.82419764728
0.5 tput 32768 2 6 57784.039909924046
0.5 tput 32768 2 7 59300.5474369995
0.5 tput 32768 2 8 56736.90097533863
0.5 tput 32768 2 9 56943.954483762944
0.5 tput 32768 3 0 55503.329217333274
0.5 tput 32768 3 1 59371.138466221426
0.5 tput 32768 3 2 54383.74329704763
0.5 tput 32768 3 3 55880.61249025824
0.5 tput 32768 3 4 59450.52532652613
0.5 tput 32768 3 5 55798.01825764013
0.5 tput 32768 3 6 59439.8490785082
0.5 tput 32768 3 7 59656.06009299412
0.5 tput 32768 3 8 59185.512842974524
0.5 tput 32768 3 9 58704.761700015944
0.5 tput 32768 4 0 52463.6358542072
0.5 tput 32768 4 1 39922.85415268104
0.5 tput 32768 4 2 54081.88864095489
0.5 tput 32768 4 3 56400.3793531375
0.5 tput 32768 4 4 55206.06242355423
0.5 tput 32768 4 5 56373.79293022264
0.5 tput 32768 4 6 54975.62268683961
0.5 tput 32768 4 7 56545.98071072472
0.5 tput 32768 4 8 59197.2742661312
0.5 tput 32768 4 9 58461.148705908374
0.5 rtt 1 0 0 0.52831
0.5 rtt 1 0 1 0.532236
0.5 rtt 1 0 2 0.527607
0.5 rtt 1 0 3 0.531935
0.5 rtt 1 0 4 0.544417
0.5 rtt 1 0 5 0.579407
0.5 rtt 1 0 6 0.713589
0.5 rtt 1 0 7 0.623641
0.5 rtt 1 0 8 0.646508
0.5 rtt 1 0 9 0.575906
0.5 rtt 1 1 0 0.623315
0.5 rtt 1 1 1 0.619241
0.5 rtt 1 1 2 0.531714
0.5 rtt 1 1 3 0.594396
0.5 rtt 1 1 4 0.611726
0.5 rtt 1 1 5 0.612081
0.5 rtt 1 1 6 0.547563
0.5 rtt 1 1 7 0.533787
0.5 rtt 1 1 8 0.654996
0.5 rtt 1 1 9 0.614371
0.5 rtt 1 2 0 0.616828
0.5 rtt 1 2 1 0.527296
0.5 rtt 1 2 2 0.527745
0.5 rtt 1 2 3 0.581541
0.5 rtt 1 2 4 0.527045
0.5 rtt 1 2 5 0.599816
0.5 rtt 1 2 6 0.614858
0.5 rtt 1 2 7 0.61346
0.5 rtt 1 2 8 0.615988
0.5 rtt 1 2 9 0.612709
0.5 rtt 1 3 0 0.536038
0.5 rtt 1 3 1 0.607545
0.5 rtt 1 3 2 0.621294
0.5 rtt 1 3 3 0.610826
0.5 rtt 1 3 4 0.617309
0.5 rtt 1 3 5 0.628566
0.5 rtt 1 3 6 0.526371
0.5 rtt 1 3 7 0.583999
0.5 rtt 1 3 8 0.620468
0.5 rtt 1 3 9 0.919517
0.5 rtt 1 4 0 0.602586
0.5 rtt 1 4 1 0.615327
0.5 rtt 1 4 2 0.716919
0.5 rtt 1 4 3 0.557712
0.5 rtt 1 4 4 0.533081
0.5 rtt 1 4 5 0.547063
0.5 rtt 1 4 6 0.615749
0.5 rtt 1 4 7 0.614543
0.5 rtt 1 4 8 0.535158
0.5 rtt 1 4 9 0.588887
0.5 rtt 100 0 0 0.529365
0.5 rtt 100 0 1 0.613652
0.5 rtt 100 0 2 0.614656
0.5 rtt 100 0 3 0.615559
0.5 rtt 100 0 4 0.613302
0.5 rtt 100 0 5 0.614654
0.5 rtt 100 0 6 0.614116
0.5 rtt 100 0 7 0.716678
0.5 rtt 100 0 8 0.61654
0.5 rtt 100 0 9 0.612212
0.5 rtt 100 1 0 0.529158
0.5 rtt 100 1 1 0.518037
0.5 rtt 100 1 2 0.513389
0.5 rtt 100 1 3 0.606265
0.5 rtt 100 1 4 0.617169
0.5 rtt 100 1 5 0.612049
0.5 rtt 100 1 6 0.628035
0.5 rtt 100 1 7 0.610511
0.5 rtt 100 1 8 0.605451
0.5 rtt 100 1 9 0.613531
0.5 rtt 100 2 0 0.631688
0.5 rtt 100 2 1 0.616953
0.5 rtt 100 2 2 0.613381
0.5 rtt 100 2 3 0.513032
0.5 rtt 100 2 4 0.514586
0.5 rtt 100 2 5 0.521425
0.5 rtt 100 2 6 0.514535
0.5 rtt 100 2 7 0.522429
0.5 rtt 100 2 8 0.513994
0.5 rtt 100 2 9 0.530817
0.5 rtt 100 3 0 0.529396
0.5 rtt 100 3 1 0.51472
0.5 rtt 100 3 2 0.558864
0.5 rtt 100 3 3 0.61466
0.5 rtt 100 3 4 0.717174
0.5 rtt 100 3 5 0.616903
0.5 rtt 100 3 6 0.611281
0.5 rtt 100 3 7 0.615319
0.5 rtt 100 3 8 0.616841
0.5 rtt 100 3 9 0.584061
0.5 rtt 100 4 0 0.533184
0.5 rtt 100 4 1 0.613299
0.5 rtt 100 4 2 0.715248
0.5 rtt 100 4 3 0.613995
0.5 rtt 100 4 4 0.617829
0.5 rtt 100 4 5 0.611337
0.5 rtt 100 4 6 0.613062
0.5 rtt 100 4 7 0.513494
0.5 rtt 100 4 8 0.613341
0.5 rtt 100 4 9 0.614511
0.5 rtt 200 0 0 0.613602
0.5 rtt 200 0 1 0.513643
0.5 rtt 200 0 2 0.611986
0.5 rtt 200 0 3 0.514589
0.5 rtt 200 0 4 0.516376
0.5 rtt 200 0 5 0.517188
0.5 rtt 200 0 6 0.518103
0.5 rtt 200 0 7 0.596806
0.5 rtt 200 0 8 0.61408
0.5 rtt 200 0 9 0.614229
0.5 rtt 200 1 0 0.805129
0.5 rtt 200 1 1 0.514455
0.5 rtt 200 1 2 0.512688
0.5 rtt 200 1 3 0.525765
0.5 rtt 200 1 4 0.713936
0.5 rtt 200 1 5 0.516104
0.5 rtt 200 1 6 0.839422
0.5 rtt 200 1 7 0.514312
0.5 rtt 200 1 8 0.518586
0.5 rtt 200 1 9 0.515243
0.5 rtt 200 2 0 0.514889
0.5 rtt 200 2 1 0.542832
0.5 rtt 200 2 2 0.513855
0.5 rtt 200 2 3 0.513937
0.5 rtt 200 2 4 0.51649
0.5 rtt 200 2 5 0.537604
0.5 rtt 200 2 6 0.520099
0.5 rtt 200 2 7 0.519758
0.5 rtt 200 2 8 0.68453
0.5 rtt 200 2 9 0.587026
0.5 rtt 200 3 0 0.576968
0.5 rtt 200 3 1 0.607349
0.5 rtt 200 3 2 0.613418
0.5 rtt 200 3 3 0.613909
0.5 rtt 200 3 4 0.614765
0.5 rtt 200 3 5 0.61444
0.5 rtt 200 3 6 0.617306
0.5 rtt 200 3 7 0.614958
0.5 rtt 200 3 8 0.636783
0.5 rtt 200 3 9 0.591014
0.5 rtt 200 4 0 0.526938
0.5 rtt 200 4 1 0.717608
0.5 rtt 200 4 2 0.512541
0.5 rtt 200 4 3 0.715273
0.5 rtt 200 4 4 0.520977
0.5 rtt 200 4 5 0.604978
0.5 rtt 200 4 6 0.614465
0.5 rtt 200 4 7 0.613209
0.5 rtt 200 4 8 0.613842
0.5 rtt 200 4 9 0.616484
0.5 rtt 400 0 0 0.517333
0.5 rtt 400 0 1 0.610675
0.5 rtt 400 0 2 0.614376
0.5 rtt 400 0 3 0.798938
0.5 rtt 400 0 4 0.521018
0.5 rtt 400 0 5 0.52267
0.5 rtt 400 0 6 0.516325
0.5 rtt 400 0 7 0.613144
0.5 rtt 400 0 8 0.613447
0.5 rtt 400 0 9 0.612901
0.5 rtt 400 1 0 0.522483
0.5 rtt 400 1 1 0.604391
0.5 rtt 400 1 2 0.614573
0.5 rtt 400 1 3 0.614329
0.5 rtt 400 1 4 0.614641
0.5 rtt 400 1 5 0.616733
0.5 rtt 400 1 6 0.629878
0.5 rtt 400 1 7 0.595725
0.5 rtt 400 1 8 0.618466
0.5 rtt 400 1 9 0.637747
0.5 rtt 400 2 0 0.661552
0.5 rtt 400 2 1 0.515077
0.5 rtt 400 2 2 0.527772
0.5 rtt 400 2 3 0.514578
0.5 rtt 400 2 4 0.620017
0.5 rtt 400 2 5 0.605583
0.5 rtt 400 2 6 0.614541
0.5 rtt 400 2 7 0.515947
0.5 rtt 400 2 8 0.610544
0.5 rtt 400 2 9 0.656686
0.5 rtt 400 3 0 0.584798
0.5 rtt 400 3 1 0.614386
0.5 rtt 400 3 2 0.744146
0.5 rtt 400 3 3 0.515075
0.5 rtt 400 3 4 0.513928
0.5 rtt 400 3 5 0.514031
0.5 rtt 400 3 6 0.524057
0.5 rtt 400 3 7 0.527067
0.5 rtt 400 3 8 0.526692
0.5 rtt 400 3 9 0.514511
0.5 rtt 400 4 0 0.516011
0.5 rtt 400 4 1 0.541308
0.5 rtt 400 4 2 0.511667
0.5 rtt 400 4 3 0.519729
0.5 rtt 400 4 4 0.513369
0.5 rtt 400 4 5 0.546937
0.5 rtt 400 4 6 0.515811
0.5 rtt 400 4 7 0.513612
0.5 rtt 400 4 8 0.513845
0.5 rtt 400 4 9 0.523485
0.5 rtt 800 0 0 0.54344
0.5 rtt 800 0 1 0.529183
0.5 rtt 800 0 2 0.515629
0.5 rtt 800 0 3 0.611351
0.5 rtt 800 0 4 0.829097
0.5 rtt 800 0 5 0.517451
0.5 rtt 800 0 6 0.514036
0.5 rtt 800 0 7 0.513673
0.5 rtt 800 0 8 0.516057
0.5 rtt 800 0 9 0.590142
0.5 rtt 800 1 0 0.611431
0.5 rtt 800 1 1 0.52524
0.5 rtt 800 1 2 0.605803
0.5 rtt 800 1 3 0.608367
0.5 rtt 800 1 4 0.615935
0.5 rtt 800 1 5 0.613131
0.5 rtt 800 1 6 0.716692
0.5 rtt 800 1 7 0.616338
0.5 rtt 800 1 8 0.849478
0.5 rtt 800 1 9 0.515674
0.5 rtt 800 2 0 0.513567
0.5 rtt 800 2 1 0.51208
0.5 rtt 800 2 2 0.514196
0.5 rtt 800 2 3 0.51431
0.5 rtt 800 2 4 0.687772
0.5 rtt 800 2 5 0.550672
0.5 rtt 800 2 6 0.519468
0.5 rtt 800 2 7 0.562438
0.5 rtt 800 2 8 0.611296
0.5 rtt 800 2 9 0.515424
0.5 rtt 800 3 0 0.62449
0.5 rtt 800 3 1 0.615651
0.5 rtt 800 3 2 0.613632
0.5 rtt 800 3 3 0.518142
0.5 rtt 800 3 4 0.516572
0.5 rtt 800 3 5 0.51535
0.5 rtt 800 3 6 0.514144
0.5 rtt 800 3 7 0.51662
0.5 rtt 800 3 8 0.517418
0.5 rtt 800 3 9 0.515111
0.5 rtt 800 4 0 0.516546
0.5 rtt 800 4 1 0.514717
0.5 rtt 800 4 2 0.514915
0.5 rtt 800 4 3 0.512847
0.5 rtt 800 4 4 0.516039
0.5 rtt 800 4 5 0.514457
0.5 rtt 800 4 6 0.525508
0.5 rtt 800 4 7 0.512349
0.5 rtt 800 4 8 0.525158
0.5 rtt 800 4 9 0.518898
0.5 rtt 1000 0 0 0.514563
0.5 rtt 1000 0 1 0.530664
0.5 rtt 1000 0 2 0.521108
0.5 rtt 1000 0 3 0.516324
0.5 rtt 1000 0 4 0.522991
0.5 rtt 1000 0 5 0.530849
0.5 rtt 1000 0 6 0.513982
0.5 rtt 1000 0 7 0.516933
0.5 rtt 1000 0 8 0.516105
0.5 rtt 1000 0 9 0.520636
0.5 rtt 1000 1 0 0.526735
0.5 rtt 1000 1 1 0.516088
0.5 rtt 1000 1 2 0.630483
0.5 rtt 1000 1 3 0.613945
0.5 rtt 1000 1 4 0.614598
0.5 rtt 1000 1 5 0.613373
0.5 rtt 1000 1 6 0.614738
0.5 rtt 1000 1 7 0.513279
0.5 rtt 1000 1 8 0.612323
0.5 rtt 1000 1 9 0.615646
0.5 rtt 1000 2 0 0.520117
0.5 rtt 1000 2 1 0.578431
0.5 rtt 1000 2 2 0.51822
0.5 rtt 1000 2 3 0.51679
0.5 rtt 1000 2 4 0.539802
0.5 rtt 1000 2 5 0.518696
0.5 rtt 1000 2 6 0.523662
0.5 rtt 1000 2 7 0.516307
0.5 rtt 1000 2 8 0.516007
0.5 rtt 1000 2 9 0.514044
0.5 rtt 1000 3 0 0.522545
0.5 rtt 1000 3 1 0.619557
0.5 rtt 1000 3 2 0.513868
0.5 rtt 1000 3 3 0.51552
0.5 rtt 1000 3 4 0.60192
0.5 rtt 1000 3 5 0.578217
0.5 rtt 1000 3 6 0.546308
0.5 rtt 1000 3 7 0.515534
0.5 rtt 1000 3 8 0.513923
0.5 rtt 1000 3 9 0.515863
0.5 rtt 1000 4 0 0.532268
0.5 rtt 1000 4 1 0.514083
0.5 rtt 1000 4 2 0.51865
0.5 rtt 1000 4 3 0.523707
0.5 rtt 1000 4 4 0.522947
0.5 rtt 1000 4 5 0.513249
0.5 rtt 1000 4 6 0.513777
0.5 rtt 1000 4 7 0.518632
0.5 rtt 1000 4 8 0.515338
0.5 rtt 1000 4 9 0.700843
1 tput 1024 0 0 997.6257675824235
1 tput 1024 0 1 909.3928559376071
1 tput 1024 0 2 909.6877301425562
1 tput 1024 0 3 908.9763186814163
1 tput 1024 0 4 907.9318129022076
1 tput 1024 0 5 1003.1465887138171
1 tput 1024 0 6 1009.1503525620494
1 tput 1024 0 7 989.7803248296641
1 tput 1024 0 8 908.6440085398339
1 tput 1024 0 9 1001.8393143662194
1 tput 1024 1 0 1007.2256637951556
1 tput 1024 1 1 1002.9864312782886
1 tput 1024 1 2 1000.2285678563265
1 tput 1024 1 3 1008.1171148554524
1 tput 1024 1 4 1003.4149424555249
1 tput 1024 1 5 1005.0991112136278
1 tput 1024 1 6 1000.7094873904741
1 tput 1024 1 7 981.8501547085181
1 tput 1024 1 8 1004.6524040036968
1 tput 1024 1 9 905.4126701185525
1 tput 1024 2 0 949.2828927912904
1 tput 1024 2 1 1002.1609094610253
1 tput 1024 2 2 1007.4872834246697
1 tput 1024 2 3 1005.3991110465281
1 tput 1024 2 4 973.9913862636777
1 tput 1024 2 5 994.9533324135198
1 tput 1024 2 6 1005.7407762079448
1 tput 1024 2 7 967.3920847677314
1 tput 1024 2 8 908.141971679096
1 tput 1024 2 9 1001.009807745509
1 tput 1024 3 0 1008.6980505728105
1 tput 1024 3 1 999.7324934539001
1 tput 1024 3 2 1003.7503406281675
1 tput 1024 3 3 1003.6175315517163
1 tput 1024 3 4 994.9127313852216
1 tput 1024 3 5 1009.145380006307
1 tput 1024 3 6 1005.4228028713461
1 tput 1024 3 7 994.773553012493
1 tput 1024 3 8 912.7723052046739
1 tput 1024 3 9 907.0696512565218
1 tput 1024 4 0 979.3644842651323
1 tput 1024 4 1 912.066623616647
1 tput 1024 4 2 908.1854649528213
1 tput 1024 4 3 910.1130086611829
1 tput 1024 4 4 1001.6423412998461
1 tput 1024 4 5 1004.0741485225697
1 tput 1024 4 6 993.6779183223921
1 tput 1024 4 7 1001.7569878419573
1 tput 1024 4 8 999.7647038148249
1 tput 1024 4 9 1010.6433376496227
1 tput 2048 0 0 2011.1299545433567
1 tput 2048 0 1 1934.491761407645
1 tput 2048 0 2 2015.5397326063742
1 tput 2048 0 3 2008.550068112208
1 tput 2048 0 4 2007.8825075001469
1 tput 2048 0 5 1984.2038769483565
1 tput 2048 0 6 1985.2078749163943
1 tput 2048 0 7 2015.0439560980171
1 tput 2048 0 8 2007.6482772750487
1 tput 2048 0 9 2010.7982220930562
1 tput 2048 1 0 1985.9682807507504
1 tput 2048 1 1 2002.6597825236643
1 tput 2048 1 2 1994.9094741640715
1 tput 2048 1 3 2004.7750452493783
1 tput 2048 1 4 2010.0719523314576
1 tput 2048 1 5 2007.2862137269756
1 tput 2048 1 6 2011.6633253541286
1 tput 2048 1 7 1928.0538424098413
1 tput 2048 1 8 2000.0312504882888
1 tput 2048 1 9 2019.9290460470836
1 tput 2048 2 0 1626.423020874282
1 tput 2048 2 1 2014.2472586861957
1 tput 2048 2 2 1671.5952062436693
1 tput 2048 2 3 2000.3125488357555
1 tput 2048 2 4 1957.5270163579673
1 tput 2048 2 5 1848.1986380364333
1 tput 2048 2 6 2010.6580585368536
1 tput 2048 2 7 1990.3727381134026
1 tput 2048 2 8 2010.105491278419
1 tput 2048 2 9 1997.2109261480548
1 tput 2048 3 0 2012.1040635070344
1 tput 2048 3 1 1997.5868994193538
1 tput 2048 3 2 1944.383787940643
1 tput 2048 3 3 2007.6955125848588
1 tput 2048 3 4 2009.6064684208204
1 tput 2048 3 5 2011.4953818108957
1 tput 2048 3 6 2010.792299293866
1 tput 2048 3 7 2010.186383931858
1 tput 2048 3 8 1543.2075508663213
1 tput 2048 3 9 1817.9477961377488
1 tput 2048 4 0 2009.9239997487593
1 tput 2048 4 1 2003.6276618017387
1 tput 2048 4 2 2001.6595790846122
1 tput 2048 4 3 1946.44612012842
1 tput 2048 4 4 2003.7923335374958
1 tput 2048 4 5 1986.8892474171896
1 tput 2048 4 6 2003.0103837701388
1 tput 2048 4 7 2009.872714603963
1 tput 2048 4 8 2010.8377083126736
1 tput 2048 4 9 2014.1561344724594
1 tput 4096 0 0 4017.4902063867894
1 tput 4096 0 1 4020.396444854511
1 tput 4096 0 2 3996.8696392083543
1 tput 4096 0 3 3968.415443491741
1 tput 4096 0 4 3928.6587792958917
1 tput 4096 0 5 4029.160260439568
1 tput 4096 0 6 4015.8083235863055
1 tput 4096 0 7 4002.1456816203213
1 tput 4096 0 8 3927.837493395268
1 tput 4096 0 9 3983.1765249313207
1 tput 4096 1 0 4025.699214615175
1 tput 4096 1 1 3980.478551478977
1 tput 4096 1 2 4021.568804565109
1 tput 4096 1 3 4027.0686656500675
1 tput 4096 1 4 4015.19421639505
1 tput 4096 1 5 4008.2278270434035
1 tput 4096 1 6 4010.335229169706
1 tput 4096 1 7 4025.9920246827905
1 tput 4096 1 8 4001.4067445586334
1 tput 4096 1 9 4006.365582815665
1 tput 4096 2 0 4020.5819242646435
1 tput 4096 2 1 3999.1525233422217
1 tput 4096 2 2 3909.6989360006332
1 tput 4096 2 3 3631.6982711307473
1 tput 4096 2 4 4028.363772263692
1 tput 4096 2 5 4000.671987872963
1 tput 4096 2 6 4002.7362454803083
1 tput 4096 2 7 4024.334648578121
1 tput 4096 2 8 3946.7839395957053
1 tput 4096 2 9 4005.942408709795
1 tput 4096 3 0 4021.525371642552
1 tput 4096 3 1 3958.0462558003355
1 tput 4096 3 2 4020.400391046757
1 tput 4096 3 3 3974.1409170601833
1 tput 4096 3 4 3899.886411999768
1 tput 4096 3 5 3938.6205981395406
1 tput 4096 3 6 4014.5921013684506
1 tput 4096 3 7 3874.7186903148113
1 tput 4096 3 8 4003.573502129831
1 tput 4096 3 9 4003.5969816632132
1 tput 4096 4 0 3914.186057623393
1 tput 4096 4 1 4030.194976424934
1 tput 4096 4 2 4007.5258517704638
1 tput 4096 4 3 3998.84798812842
1 tput 4096 4 4 4000.285176579971
1 tput 4096 4 5 4001.20348698632
1 tput 4096 4 6 3987.923290893495
1 tput 4096 4 7 4001.9501690765323
1 tput 4096 4 8 4022.394208380839
1 tput 4096 4 9 3986.937329355481
1 tput 8192 0 0 7784.112504751045
1 tput 8192 0 1 7451.27609470179
1 tput 8192 0 2 8008.837877736174
1 tput 8192 0 3 7999.578147246141
1 tput 8192 0 4 7996.298588348752
1 tput 8192 0 5 8003.845597689514
1 tput 8192 0 6 7993.310286215541
1 tput 8192 0 7 8005.535076986822
1 tput 8192 0 8 7983.6273267712695
1 tput 8192 0 9 8002.367888154405
1 tput 8192 1 0 7931.613074381142
1 tput 8192 1 1 7999.921875762931
1 tput 8192 1 2 8005.597663991619
1 tput 8192 1 3 8020.167902684974
1 tput 8192 1 4 7985.798691974525
1 tput 8192 1 5 7482.091661102896
1 tput 8192 1 6 7982.507084085267
1 tput 8192 1 7 7927.100096088994
1 tput 8192 1 8 7857.536117617493
1 tput 8192 1 9 7999.609394072556
1 tput 8192 2 0 7804.766509624958
1 tput 8192 2 1 8011.21100133292
1 tput 8192 2 2 7924.431568103002
1 tput 8192 2 3 8017.61683386347
1 tput 8192 2 4 8020.057977030445
1 tput 8192 2 5 8009.237215968808
1 tput 8192 2 6 7979.48244406716
1 tput 8192 2 7 8001.187676295699
1 tput 8192 2 8 7814.430177131536
1 tput 8192 2 9 7914.7999609670505
1 tput 8192 3 0 7627.638644343657
1 tput 8192 3 1 8003.259139708261
1 tput 8192 3 2 8003.212226782429
1 tput 8192 3 3 8001.601883189505
1 tput 8192 3 4 7773.06299672833
1 tput 8192 3 5 8003.853417709894
1 tput 8192 3 6 7977.904942950967
1 tput 8192 3 7 7755.41657909635
1 tput 8192 3 8 7857.588875066063
1 tput 8192 3 9 7864.86865323725
1 tput 8192 4 0 7706.02710655238
1 tput 8192 4 1 7985.246010301279
1 tput 8192 4 2 7847.344624109128
1 tput 8192 4 3 7821.884088691305
1 tput 8192 4 4 7727.733242270851
1 tput 8192 4 5 7848.314461419959
1 tput 8192 4 6 8009.158911215854
1 tput 8192 4 7 7979.031665807921
1 tput 8192 4 8 8001.383051562624
1 tput 8192 4 9 7969.817429694963
1 tput 16384 0 0 15203.282661910693
1 tput 16384 0 1 14175.364766466404
1 tput 16384 0 2 15609.324818578756
1 tput 16384 0 3 15651.24023469218
1 tput 16384 0 4 15219.368281030691
1 tput 16384 0 5 15746.911456300973
1 tput 16384 0 6 15675.933748513398
1 tput 16384 0 7 15638.467346204397
1 tput 16384 0 8 15253.800183038155
1 tput 16384 0 9 15609.964309737365
1 tput 16384 1 0 14725.70851294072
1 tput 16384 1 1 15836.209671261397
1 tput 16384 1 2 15581.55016642891
1 tput 16384 1 3 14591.363451769415
1 tput 16384 1 4 15874.061643755982
1 tput 16384 1 5 15879.231004818821
1 tput 16384 1 6 15810.124114878154
1 tput 16384 1 7 15798.949115310921
1 tput 16384 1 8 15683.09128432112
1 tput 16384 1 9 15868.91101728979
1 tput 16384 2 0 15280.403423541558
1 tput 16384 2 1 15779.989347736684
1 tput 16384 2 2 14636.020117381167
1 tput 16384 2 3 15622.422524359976
1 tput 16384 2 4 15537.32457209294
1 tput 16384 2 5 15521.207137633244
1 tput 16384 2 6 15706.018307711038
1 tput 16384 2 7 15571.56896102736
1 tput 16384 2 8 15785.067195404756
1 tput 16384 2 9 15495.210236069302
1 tput 16384 3 0 15016.190246625161
1 tput 16384 3 1 15212.571169652108
1 tput 16384 3 2 15647.323986705887
1 tput 16384 3 3 15783.637770137286
1 tput 16384 3 4 15465.31395512378
1 tput 16384 3 5 15735.372221651312
1 tput 16384 3 6 15477.264461521747
1 tput 16384 3 7 15793.10112153767
1 tput 16384 3 8 15779.320653246923
1 tput 16384 3 9 14905.087416372671
1 tput 16384 4 0 14517.83405683257
1 tput 16384 4 1 15422.26740464626
1 tput 16384 4 2 15569.15702859445
1 tput 16384 4 3 15757.194557689663
1 tput 16384 4 4 15795.339295148407
1 tput 16384 4 5 15738.244106083295
1 tput 16384 4 6 15827.79544042792
1 tput 16384 4 7 15653.767404354277
1 tput 16384 4 8 15353.143861694263
1 tput 16384 4 9 15477.68847373214
1 tput 32768 0 0 27686.759733204002
1 tput 32768 0 1 30720.912027075803
1 tput 32768 0 2 31203.250592536093
1 tput 32768 0 3 31161.381492984696
1 tput 32768 0 4 31110.376898114653
1 tput 32768 0 5 30242.787711652443
1 tput 32768 0 6 29983.465538870623
1 tput 32768 0 7 30569.331407823687
1 tput 32768 0 8 30382.037806944994
1 tput 32768 0 9 30965.70317793467
1 tput 32768 1 0 29674.735270172492
1 tput 32768 1 1 30838.613015310133
1 tput 32768 1 2 30923.885039551395
1 tput 32768 1 3 30978.847633759833
1 tput 32768 1 4 29758.574843251645
1 tput 32768 1 5 30144.827275328214
1 tput 32768 1 6 31240.644872198227
1 tput 32768 1 7 30373.026142603438
1 tput 32768 1 8 30947.74639999169
1 tput 32768 1 9 30586.594655746798
1 tput 32768 2 0 29786.89751027424
1 tput 32768 2 1 30942.456926264258
1 tput 32768 2 2 31027.511729531907
1 tput 32768 2 3 30798.787147371368
1 tput 32768 2 4 31023.25229114595
1 tput 32768 2 5 31092.7535324264
1 tput 32768 2 6 30996.136834020075
1 tput 32768 2 7 31006.431601428067
1 tput 32768 2 8 21997.748399410048
1 tput 32768 2 9 30293.98141942021
1 tput 32768 3 0 29572.08556844682
1 tput 32768 3 1 31140.415066152476
1 tput 32768 3 2 31036.29867891146
1 tput 32768 3 3 31093.196086022486
1 tput 32768 3 4 31098.920914517825
1 tput 32768 3 5 31049.032418229555
1 tput 32768 3 6 31049.238361273354
1 tput 32768 3 7 30832.635471456666
1 tput 32768 3 8 30079.02536908033
1 tput 32768 3 9 29883.522841269318
1 tput 32768 4 0 29130.99524381029
1 tput 32768 4 1 30890.47681894455
1 tput 32768 4 2 31110.997179236674
1 tput 32768 4 3 31259.062533388278
1 tput 32768 4 4 30068.61973216465
1 tput 32768 4 5 31215.824350019622
1 tput 32768 4 6 29786.518437044073
1 tput 32768 4 7 29479.396449661555
1 tput 32768 4 8 31332.14193169616
1 tput 32768 4 9 31146.98624772348
1 rtt 1 0 0 1.030593
1 rtt 1 0 1 1.028129
1 rtt 1 0 2 1.032287
1 rtt 1 0 3 1.031864
1 rtt 1 0 4 1.049577
1 rtt 1 0 5 1.031925
1 rtt 1 0 6 1.031406
1 rtt 1 0 7 1.036104
1 rtt 1 0 8 1.038126
1 rtt 1 0 9 1.063539
1 rtt 1 1 0 1.023428
1 rtt 1 1 1 1.025719
1 rtt 1 1 2 1.107189
1 rtt 1 1 3 1.028724
1 rtt 1 1 4 1.042047
1 rtt 1 1 5 1.100851
1 rtt 1 1 6 1.028955
1 rtt 1 1 7 1.116237
1 rtt 1 1 8 1.03162
1 rtt 1 1 9 1.060569
1 rtt 1 2 0 1.0373
1 rtt 1 2 1 1.034329
1 rtt 1 2 2 1.038071
1 rtt 1 2 3 1.031535
1 rtt 1 2 4 1.031366
1 rtt 1 2 5 1.027143
1 rtt 1 2 6 1.028051
1 rtt 1 2 7 1.032775
1 rtt 1 2 8 1.031134
1 rtt 1 2 9 1.027857
1 rtt 1 3 0 1.030384
1 rtt 1 3 1 1.029426
1 rtt 1 3 2 1.028198
1 rtt 1 3 3 1.028969
1 rtt 1 3 4 1.114885
1 rtt 1 3 5 1.046586
1 rtt 1 3 6 1.106085
1 rtt 1 3 7 1.030969
1 rtt 1 3 8 1.118017
1 rtt 1 3 9 1.029972
1 rtt 1 4 0 1.039404
1 rtt 1 4 1 1.13353
1 rtt 1 4 2 1.121293
1 rtt 1 4 3 1.12865
1 rtt 1 4 4 1.028553
1 rtt 1 4 5 1.023927
1 rtt 1 4 6 1.023927
1 rtt 1 4 7 1.028325
1 rtt 1 4 8 1.13601
1 rtt 1 4 9 1.11021
1 rtt 100 0 0 1.031693
1 rtt 100 0 1 1.016018
1 rtt 100 0 2 1.031888
1 rtt 100 0 3 1.019232
1 rtt 100 0 4 1.131213
1 rtt 100 0 5 1.126405
1 rtt 100 0 6 1.015928
1 rtt 100 0 7 1.032024
1 rtt 100 0 8 1.023872
1 rtt 100 0 9 1.050865
1 rtt 100 1 0 1.016218
1 rtt 100 1 1 1.019828
1 rtt 100 1 2 1.028301
1 rtt 100 1 3 1.014912
1 rtt 100 1 4 1.015524
1 rtt 100 1 5 1.065231
1 rtt 100 1 6 1.020075
1 rtt 100 1 7 1.136595
1 rtt 100 1 8 1.122702
1 rtt 100 1 9 1.017008
1 rtt 100 2 0 1.072623
1 rtt 100 2 1 1.126494
1 rtt 100 2 2 1.126316
1 rtt 100 2 3 1.127085
1 rtt 100 2 4 1.12572
1 rtt 100 2 5 1.0225
1 rtt 100 2 6 1.017268
1 rtt 100 2 7 1.041727
1 rtt 100 2 8 1.015689
1 rtt 100 2 9 1.125926
1 rtt 100 3 0 1.065696
1 rtt 100 3 1 1.096538
1 rtt 100 3 2 1.014638
1 rtt 100 3 3 1.021091
1 rtt 100 3 4 1.024311
1 rtt 100 3 5 1.017472
1 rtt 100 3 6 1.020616
1 rtt 100 3 7 1.063869
1 rtt 100 3 8 1.015365
1 rtt 100 3 9 1.032669
1 rtt 100 4 0 1.015285
1 rtt 100 4 1 1.02046
1 rtt 100 4 2 1.015689
1 rtt 100 4 3 1.014745
1 rtt 100 4 4 1.106604
1 rtt 100 4 5 1.014696
1 rtt 100 4 6 1.033056
1 rtt 100 4 7 1.018966
1 rtt 100 4 8 1.030155
1 rtt 100 4 9 1.018202
1 rtt 200 0 0 1.025515
1 rtt 200 0 1 1.018816
1 rtt 200 0 2 1.015815
1 rtt 200 0 3 1.042218
1 rtt 200 0 4 1.078412
1 rtt 200 0 5 1.039349
1 rtt 200 0 6 1.09307
1 rtt 200 0 7 1.120369
1 rtt 200 0 8 1.126294
1 rtt 200 0 9 1.126358
1 rtt 200 1 0 1.045308
1 rtt 200 1 1 1.033165
1 rtt 200 1 2 1.014286
1 rtt 200 1 3 1.019336
1 rtt 200 1 4 1.014494
1 rtt 200 1 5 1.014907
1 rtt 200 1 6 1.025956
1 rtt 200 1 7 1.017705
1 rtt 200 1 8 1.019945
1 rtt 200 1 9 1.026371
1 rtt 200 2 0 1.016101
1 rtt 200 2 1 1.016212
1 rtt 200 2 2 1.060719
1 rtt 200 2 3 1.024031
1 rtt 200 2 4 1.126308
1 rtt 200 2 5 1.126462
1 rtt 200 2 6 1.130083
1 rtt 200 2 7 1.122698
1 rtt 200 2 8 1.126697
1 rtt 200 2 9 1.023578
1 rtt 200 3 0 1.014506
1 rtt 200 3 1 1.0219
1 rtt 200 3 2 1.014252
1 rtt 200 3 3 1.063353
1 rtt 200 3 4 1.125363
1 rtt 200 3 5 1.125869
1 rtt 200 3 6 1.046493
1 rtt 200 3 7 1.031935
1 rtt 200 3 8 1.096366
1 rtt 200 3 9 1.162038
1 rtt 200 4 0 1.104864
1 rtt 200 4 1 1.124987
1 rtt 200 4 2 1.228114
1 rtt 200 4 3 1.016332
1 rtt 200 4 4 1.031608
1 rtt 200 4 5 1.02406
1 rtt 200 4 6 1.126205
1 rtt 200 4 7 1.126486
1 rtt 200 4 8 1.15186
1 rtt 200 4 9 1.10073
1 rtt 400 0 0 1.106736
1 rtt 400 0 1 1.015613
1 rtt 400 0 2 1.039709
1 rtt 400 0 3 1.027075
1 rtt 400 0 4 1.060549
1 rtt 400 0 5 1.07993
1 rtt 400 0 6 1.135243
1 rtt 400 0 7 1.141137
1 rtt 400 0 8 1.02994
1 rtt 400 0 9 1.020313
1 rtt 400 1 0 1.019373
1 rtt 400 1 1 1.029211
1 rtt 400 1 2 1.018261
1 rtt 400 1 3 1.033341
1 rtt 400 1 4 1.122957
1 rtt 400 1 5 1.127182
1 rtt 400 1 6 1.017504
1 rtt 400 1 7 1.02175
1 rtt 400 1 8 1.034666
1 rtt 400 1 9 1.123644
1 rtt 400 2 0 1.03154
1 rtt 400 2 1 1.025406
1 rtt 400 2 2 1.125033
1 rtt 400 2 3 1.108064
1 rtt 400 2 4 1.04934
1 rtt 400 2 5 1.015818
1 rtt 400 2 6 1.019737
1 rtt 400 2 7 1.021446
1 rtt 400 2 8 1.026364
1 rtt 400 2 9 1.028516
1 rtt 400 3 0 1.045772
1 rtt 400 3 1 1.0236
1 rtt 400 3 2 1.018968
1 rtt 400 3 3 1.016415
1 rtt 400 3 4 1.014481
1 rtt 400 3 5 1.038433
1 rtt 400 3 6 1.026438
1 rtt 400 3 7 1.021343
1 rtt 400 3 8 1.016665
1 rtt 400 3 9 1.014184
1 rtt 400 4 0 1.062148
1 rtt 400 4 1 1.023545
1 rtt 400 4 2 1.136303
1 rtt 400 4 3 1.116096
1 rtt 400 4 4 1.023786
1 rtt 400 4 5 1.146704
1 rtt 400 4 6 1.031216
1 rtt 400 4 7 1.016405
1 rtt 400 4 8 1.01439
1 rtt 400 4 9 1.014771
1 rtt 800 0 0 1.029309
1 rtt 800 0 1 1.014127
1 rtt 800 0 2 1.015522
1 rtt 800 0 3 1.019451
1 rtt 800 0 4 1.02176
1 rtt 800 0 5 1.031416
1 rtt 800 0 6 1.129037
1 rtt 800 0 7 1.021278
1 rtt 800 0 8 1.01652
1 rtt 800 0 9 1.033541
1 rtt 800 1 0 1.018441
1 rtt 800 1 1 1.016379
1 rtt 800 1 2 1.016976
1 rtt 800 1 3 1.031627
1 rtt 800 1 4 1.021898
1 rtt 800 1 5 1.016196
1 rtt 800 1 6 1.019544
1 rtt 800 1 7 1.013876
1 rtt 800 1 8 1.076352
1 rtt 800 1 9 1.12484
1 rtt 800 2 0 1.04613
1 rtt 800 2 1 1.121515
1 rtt 800 2 2 1.126563
1 rtt 800 2 3 1.127807
1 rtt 800 2 4 1.016883
1 rtt 800 2 5 1.016959
1 rtt 800 2 6 1.028381
1 rtt 800 2 7 1.024083
1 rtt 800 2 8 1.023734
1 rtt 800 2 9 1.031246
1 rtt 800 3 0 1.020933
1 rtt 800 3 1 1.019134
1 rtt 800 3 2 1.038063
1 rtt 800 3 3 1.01422
1 rtt 800 3 4 1.034193
1 rtt 800 3 5 1.125067
1 rtt 800 3 6 1.023365
1 rtt 800 3 7 1.128246
1 rtt 800 3 8 1.124508
1 rtt 800 3 9 1.12633
1 rtt 800 4 0 1.033037
1 rtt 800 4 1 1.124118
1 rtt 800 4 2 1.1251
1 rtt 800 4 3 1.023845
1 rtt 800 4 4 1.14698
1 rtt 800 4 5 1.105989
1 rtt 800 4 6 1.126646
1 rtt 800 4 7 1.125771
1 rtt 800 4 8 1.147645
1 rtt 800 4 9 1.023154
1 rtt 1000 0 0 1.128204
1 rtt 1000 0 1 1.018812
1 rtt 1000 0 2 1.130895
1 rtt 1000 0 3 1.126534
1 rtt 1000 0 4 1.126207
1 rtt 1000 0 5 1.015476
1 rtt 1000 0 6 1.024569
1 rtt 1000 0 7 1.031189
1 rtt 1000 0 8 1.126949
1 rtt 1000 0 9 1.177956
1 rtt 1000 1 0 1.080503
1 rtt 1000 1 1 1.118617
1 rtt 1000 1 2 1.024018
1 rtt 1000 1 3 1.229776
1 rtt 1000 1 4 1.127063
1 rtt 1000 1 5 1.124641
1 rtt 1000 1 6 1.12656
1 rtt 1000 1 7 1.127085
1 rtt 1000 1 8 1.126806
1 rtt 1000 1 9 1.125007
1 rtt 1000 2 0 1.037127
1 rtt 1000 2 1 1.126281
1 rtt 1000 2 2 1.130098
1 rtt 1000 2 3 1.122619
1 rtt 1000 2 4 1.024035
1 rtt 1000 2 5 1.146011
1 rtt 1000 2 6 1.107902
1 rtt 1000 2 7 1.125709
1 rtt 1000 2 8 1.096738
1 rtt 1000 2 9 1.059149
1 rtt 1000 3 0 1.042907
1 rtt 1000 3 1 1.126626
1 rtt 1000 3 2 1.130724
1 rtt 1000 3 3 1.12213
1 rtt 1000 3 4 1.12588
1 rtt 1000 3 5 1.014442
1 rtt 1000 3 6 1.033524
1 rtt 1000 3 7 1.129166
1 rtt 1000 3 8 1.015667
1 rtt 1000 3 9 1.029877
1 rtt 1000 4 0 1.169247
1 rtt 1000 4 1 1.090035
1 rtt 1000 4 2 1.026213
1 rtt 1000 4 3 1.120751
1 rtt 1000 4 4 1.124135
1 rtt 1000 4 5 1.229298
1 rtt 1000 4 6 1.017839
1 rtt 1000 4 7 1.031408
1 rtt 1000 4 8 1.125306
1 rtt 1000 4 9 1.125529
